%YAML:1.0
---
camera_matrix_left: !!opencv-matrix
   rows: 3
   cols: 3
   dt: d
   data: [ 8.1576645817241183e+02, 0., 4.6620796493016405e+02, 0.,
       8.1265523821304271e+02, 3.5736279169231113e+02, 0., 0., 1. ]
dist_coeff_left: !!opencv-matrix
   rows: 1
   cols: 5
   dt: d
   data: [ -8.4631348881043995e-04, -4.1570999100547082e-02,
       -2.3273221360925775e-03, 3.5717319392825240e-03,
       -5.3547662109888629e-02 ]
camera_matrix_right: !!opencv-matrix
   rows: 3
   cols: 3
   dt: d
   data: [ 8.0836995845238562e+02, 0., 4.7889660305696430e+02, 0.,
       8.1250775934320814e+02, 3.6583394730140498e+02, 0., 0., 1. ]
dist_coeff_right: !!opencv-matrix
   rows: 1
   cols: 5
   dt: d
   data: [ 1.3288541322084409e-02, -3.3429243190350406e-02,
       3.0327409974089049e-03, -5.0024579767382149e-04,
       1.3414543030735543e-01 ]
R: !!opencv-matrix
   rows: 3
   cols: 3
   dt: d
   data: [ 9.9992260239339326e-01, 4.4434267058742526e-03,
       -1.1620894196815364e-02, -4.5681376401722771e-03,
       9.9993202757400068e-01, -1.0727178112087475e-02,
       1.1572438866742600e-02, 1.0779433698368892e-02,
       9.9987493341308342e-01 ]
T: !!opencv-matrix
   rows: 3
   cols: 1
   dt: d
   data: [ -3.0335270005211629e+02, 4.2655629532380512e+00,
       -1.3964256240812556e+01 ]
E: !!opencv-matrix
   rows: 3
   cols: 3
   dt: d
   data: [ -1.4427678042077091e-02, 1.4009287409479240e+01,
       4.1152324099401865e+00, -1.0452644864387054e+01,
       3.2079211683248752e+00, 3.0347703790960054e+02,
       -2.8794759215186772e+00, -3.0335103414950231e+02,
       3.3036881000111338e+00 ]
F: !!opencv-matrix
   rows: 3
   cols: 3
   dt: d
   data: [ -2.5501284457506062e-08, 2.4856567970262677e-05,
       -2.9372203422385755e-03, -1.8381225238750874e-05,
       5.6628030119213908e-06, 4.4189719568953983e-01,
       2.6224523794541234e-03, -4.4906703687735799e-01, 1. ]
